ModuleID/L:HVScanTemp/F:LeakageCurret/F:OperationTemp/F:NoiseNOTest/F:NoiseErrorNOTest/F:NoiseScanRunNumber1/I:ThresholdRunNumber1/I:ThresholdRunNumber2/I:ThresholdRunNumber3/I:Gain/F:GainError/F:UpperGain/F:UpperGainError/F:LowerGain/F:LowerGainError/F:NoiseRCTest/F:NoiseErrorRCTest/F:NDead/I:NLoweff/I:NNoisy/I:NXtalk/I:Quality/C
#NoiseNOTest: Noise from Noise Occupancy Test, injected charge is 0
#NoiseRCTest: NOise from Response Curve Test, injected charge is 2 fC
20220170200883 14.77 0.57 25.99 1070 116 267 268 269 271 50.12 4.14 49.48 2.59 50.76 5.16 1712.3 117 0 0 0 0 G
20220170200799 14.44 0.33 25.52 1138 164 272 273 274 275 46.11 3.67 47.09 2.40 45.14 4.38 1887.5 133.6 0 0 1 0 G
20220170200611 16.1 0.35 27.5 1205 164 292 294 295 296 50.80 3.33 50.57 4.22 51.04 2.09 1880 112.6 0 0 0 0 G
20220170200215 14.38 0.14 26.95 1300 129 420 421 422 423 50.38 4.28 51.26 4.75 49.49 3.54 1858 135 0 0 0 0 G
20220170200952 -100 0.26 24.39 1279 116 425 426 427 428 51.41 4.25 52.21 3.92 50.62 4.47 1798 117 0 1 6 0 G
20220170200413 17.96 0.23 26.63 1200 148 430 431 432 433 49.14 3.13 49.88 2.92 48.40 3.16 1850 110 0 0 0 0 G
20220170200086 17.72 0.26 26.72 1095 147 436 437 438 439 48.08 3.98 46.01 2.94 50.15 3.79 1764 130 0 0 0 2 G
20220170200314 15.76 0.32 24.66 1217 121 441 442 443 444 49.57 5.36 48.12 6.57 51.02 3.19 1948.8 192 0 0 0 6 G
20220170200938 16.8 0.24 27.12 1183 288 448 449 450 451 45.01 3.14  45.07 2.85 44.95 3.42 1855.4 131 0 2 6 0 G
20220170200567 17.2 0.1 29.27 2137 156 502 503 504 505 49.64 3.88 49.25 3.59 50.04 4.12 1896.2 121 0 0 0 0 G
20220380200068 17.5 0.57 32.55 1176 89 512 513 514 515 42.88 1.87 42.04 1.86 43.72 1.47 1825.2 145.5 0 0 0 0 G
20220380200285 15.07 0.32 26.01 1081 133 517 518 519 520 45.23 2.71 45.20 3.40 45.26 1.76 1849.6 107.6 0 0 2 0 G
20220380200264 15.64 0.57 28.29 1122 105 523 526 527 528 49.80 2.23 50.56 2.26 49.04 1.93 1634.1 122.0 0 0 0 0 G
20220380200189 16.2 0.13 29.69 1142 153 533 534 535 536 48.39 3.85 49.98 4.07 46.79 2.84 1742 124 0 0 1 0 G
20220380200281 16.29 0.31 29.61 1104 135 538 539 540 541 48.60 4.49 46.19 3.21 51.01 4.29 1654 133 0 1 4 0 G
20220380200132 17.1 0.15 26.7 1208 158 543 545 546 544 44.733 3.97 45.88 3.54 43.59 4.05 2083 128 0 0 0 0 M
20220380200214 13.7 0.55 30 1117 102 548 549 550 551 48.1 2.63 48.32 2.30 47.89 2.92 1757 120 1 0 1 0 G
20220380200318 15.5 0.12 25.8 1144 150 553 554 555 556 46.19 3.35 46.34 3.30 46.05 3.40 1851 150 0 3 6 0 G
20220380200220 16.8 0.49 25.5 1119 103 560 561 562 563 47.5 2.6 47.51 2.74 47.46 2.37 1782 134 1 0 2 0 G
20220380200142 16.1 0.37 24.2 1120 91 565 566 567 568 45.6 3.0 46.56 2.30 44.66 3.34 1877 117 0 0 0 0 G
20220380200206 18.5 0.59 28.05 1199 123 574 575 576 577 44.09 3.15 44.35 3.13 43.82 3.15 1931 143 0 0 0 4 G
20220380200320 13.77 0.62 27.89 1073 154 579 580 581 582 41.92 3.21 43.53 3.69 40.31 1.36 1785 138 0 2 5 0 G
20220380200167 15.22 0.35 27.42 1231 158 584 585 586 587 43.0 4.0 44.15 4.54 41.93 3.04 2015 131 0 0 0 0 M
20220380200187 14.92 0.39 27.7 1192 116 589 590 591 592 49.2 3.7 49.83 3.29 48.66 3.97 1749 124 0 0 1 0 G
20220380200229 15.5 0.18 25.5 1123 124 594 595 596 597 44.9 3.4 44.07 3.82 45.71 2.74 1866 135 0 0 1 0 G
20220380200144 15.6 0.76 28.7 1200 118 599 600 601 602 48.5 3.1 47.92 3.10 49.01 3.04 1829 123 0 0 1 0 G
20220380200210 14.9 0.67 27.08 1202 116 605 606 607 608 44.9 3.69 45.84 3.86 44.05 3.28 1843 127 0 0 1 2 G
20220170200803 15.98 0.12 27.8 1260 200 610 611 612 613 50.3 6.0 49.75 7.03 50.87 4.56 1864 137 0 0 0 0 G
20220170200668 16.76 0.14 25.6 1114 145 617 618 619 620 45.49 4.57 45.85 4.52 45.12 4.58 1838 135 0 0 0 0 G
20220170200868 17.13 0.15 24.5 1275 102 622 623 624 625 50.9 3.9 51.26 2.87 50.52 4.74 1892 137 0 0 0 0 G
20220170200725 14.9 0.41 28.5 1118 99 629 630 631 632 47.4 2.4 47.71 2.87 47.17 1.88 1751 133 0 0 0 0 G
20220170200482 14.9 0.37 28.1 1088 111 634 635 636 637 48.3 3.3 48.33 3.38 48.30 3.25 1834 116 0 0 0 0 G
20220170200786 14.4 0.29 27.1 1984 149 639 640 641 642 44.2 0 44.52 3.53 43.92 3.14 1984 149 0 1 4 0 G
#20220170200882 14.2 -100 -100 1221 102 646 647 648 649 47.4 3.2 1948 135 0 0 1 0 G
20220170200882 14.2 0.5 -100 1221 102 646 647 648 649 47.4 3.2 48.14 3.65 46.63 2.50 1948 135 0 0 1 0 G
20220170200707 -100 0.13 -100 1162 151 657 662 663 664 48.0 5.9 48.20 6.90 47.75 4.68 1841 182 0 0 0 0 G
20220170200911 -100 0.15 -100 1097 208 667 668 669 670 50.1 8.4 49.15 11.17 51.08 3.93 1722 124 0 0 1 0 G
20220170200699 -100 0.13 -100 1035 180 675 672 673 674 47.0 5.2 50.40 3.19 43.62 4.50 1829 207 0 0 0 0 G
20220170200704 -100 0.16 100 1107 163 679 680 681 682 50.7 3.9 51.78 4.48 49.59 2.93 1725 113 0 0 0 0 G
20220040200117 -100 0.27 -100 1093 168 686 687 688 689 45.7 3.5 47.27 3.15 44.18 3.20 1842 141 0 0 0 0 G
#20220040200517 -100 -100 -100 1192 105 692 693 694 695 49.2 4.6 1785 122 1 2 5 2 G
20220040200517 -100 0.5 -100 1192 105 692 693 694 695 49.2 4.6 49.60 5.17 48.86 3.98 1785 122 1 2 5 2 G
20220040200295 -100 0.25 -100 1088 175 698 699 700 701 46.8 3.7 46.53 4.85 46.98 2.07 1899 135 0 0 0 0 G
20220040200545 -100 0.31 -100 1046 144 703 704 705 706 47.2 4.1 45.62 3.87 48.81 3.70 1760 134 0 0 4 0 M
20220040200538 -100 0.37 -100 1037 163 708 709 710 711 51.4 4.4 51.61 4.13 51.26 4.69 1607 129 0 0 4 0 G
20220040200477 -100 0.34 -100 949 164 726 727 728 729 49.5 4.5 49.74 5.56 49.35 2.97 1608 119 0 0 0 3 G
#20220040200423 -100 -100 -100 1037 130 732 733 734 735 48.1 3.3 1814 120 0 0 0 0 G
20220040200423 -100 0.5 -100 1037 130 732 733 734 735 48.1 3.3 48.38 3.08 47.79 3.50 1814 120 0 0 0 0 G
20220040200062 -100 0.17 -100 1122 200 767 768 769 770 51.7 2.9 51.57 2.55 51.80 3.21 1672 108 0 0 0 0 G
20220040200408 -100 0.24 -100 1063 153 742 743 744 745 45.7 3.8 47.23 3.99 44.08 2.94 1783 121 0 0 0 0 G
20220040200225 -100 0.27 -100 1110 124 772 773 774 775 52.0 3.1 51.68 3.49 52.26 2.52 1704 98 0 0 0 0 G
20220380200066 -100 0.57 -100 1107 125 777 778 779 780 46.1 2.7 47.93 1.73 44.27 2.30 1743 123 0 0 0 0 G
20220330200753 -100 0.33 -100 1120 134 784 785 786 787 48.6 3.9 48.78 3.91 48.43 3.90 1754 129 0 0 7 0 G
20220330200523 -100 0.3 -100 1040 161 796 797 798 799 47.9 3.7 47.03 2.89 48.86 4.24 1718 118 0 0 0 0 G
20220170200679 -100 0.26 -100 1082 202 801 802 803 804 49.0 4.8 48.80 4.97 49.11 4.61 1743 118 0 0 0 0 G
20220170200056 -100 0.21 -100 1061 132 806 807 808 809 45.9 2.2 45.69 1.50 46.11 2.65 1654 118 0 0 0 0 G
20220170200559 -100 0.31 -100 1069 167 811 812 813 814 46.5 3.9 47.37 2.87 45.56 4.50 1857 114 0 0 0 0 G
20220170200849 -100 0.34 -100 883.9 190 816 817 818 819 47.9 7.1 49.99 6.41 45.78 7.22 1529 118 0 1 3 7 G
20220170200513 -100 0.25 -100 1075 131 821 822 823 824 48.2 3.4 48.87 2.65 47.47 3.97 1821 127 0 0 0 0 G
20220380200160 -100 0.65 -100 1031 183 826 827 828 829 43.9 4.0 44.59 4.27 43.21 3.52 1824 142 0 0 6 0 M
20220380200270 -100 0.26 -100 1022 164 833 834 835 836 50.7 4.0 51.08 4.10 50.23 3.84 1576 133 0 0 0 0 G
20220380200038 -100 1.5 -100 1128 122 849 850 851 852 48.4 3.7 49.72 2.85 47.17 4.03 1789 118 0 0 0 0 M
20220380200251 -100 0.82 -100 927 227 860 861 862 863 45.4 0 44.64 6.57 46.18 2.25 1474 113 0 0 0 0 G
20220380200197 -100 1.82 -100 1082 96 865 866 867 868 45 0 46.30 4.33 44.42 1.77 1835 135 0 0 0 0 G
20220380200069 -100 1.02 -100 1045 138 880 881 882 883 43.8 2.1 43.42 2.25 44.16 1.82 1754 113 0 0 0 2 M
20220380200271 -100 2.02 -100 1040 124 885 886 887 888 49.9 2.9 49.27 3.07 50.50 2.68 1634 102 0 0 0 0 M
20220040200541 -100 0.61 -100 1020 166 900 901 902 903 45.7 4.2 45.18 4.34 46.31 3.94 1817 128 0 0 7 0 M
20220040200417 -100 0.32 -100 1071 154 910 906 908 909 46.8 3.4 48.68 3.23 44.94 2.51 1865 152 0 0 0 0 G
20220040200174 -100 0.46 -100 1062 134 921 922 923 924 47.4 2.1 47.54 2.14 47.28 2.04 1750 109 0 0 0 0 G
20220040200537 -100 0.28 -100 1103 171 926 927 928 929 48.4 4.3 49.99 4.23 46.87 3.75 1746 177 0 2 5 1 G
20220040200169 -100 0.79 -100 1014 115 939 940 941 942 50.9 3.5 49.44 3.10 52.30 3.34 1569 126 0 0 0 4 G
20220040200377 -100 0.36 -100 998 132 944 945 946 947 51.2 2.4 52.12 2.29 50.20 2.10 1502 101 0 0 0 0 G
20220040200466 -100 0.67 -100 1047 117 962 963 964 965 44.8 2.6 45.54 3.03 44.12 1.71 1712 123 0 0 0 0 G
20220040200010 -100 0.42 -100 1078 139 967 968 969 970 43.9 1.7 44.42 1.80 43.46 1.51 1788 109 0 0 1 0 G
20220040200418 -100 0.33 -100 1036 160 972 973 974 975 46.5 3.5 44.94 4.21 47.99 1.65 1805 113 0 0 0 0 G
20220040200458 -100 0.31 -100 902 136 978 979 980 977 45.6 2.7 46.47 2.31 44.63 2.73 1599 106 0 0 2 0 G
20220170200804 -100 0.47 -100 1089 218 982 983 984 985 49.5 5.3 51.27 4.08 47.79 5.85 1752 130 0 0 0 0 G
20220040200524 -100 0.63 -100 1030 128 1005 1006 1007 1008 44.7 2.8 44.78 3.35 44.59 2.22 1760 122 0 0 8 0 G
20220040200509 -100 0.44 -100 1064 94 1011 1012 1013 1014 50.1 3.8 48.76 3.87 51.40 3.34 1645 91.7 0 0 5 0 G
20220170200467 -100 0.43 -100 1013 172 1029 1030 1031 1032 46.4 3.0 46.44 2.70 46.40 3.30 1818 121 0 0 0 0 G
20220170200895 -100 0.34 -100 1105 156 1035 1036 1037 1038 49.2 3.5 51.25 2.11 47.11 3.30 1806 130 0 0 0 3 G
20220170200667 -100 0.37 -100 1032 149 1040 1041 1042 1043 45.9 3.9 46.61 3.66 45.29 4.09 1783 118 0 0 0 0 G
20220170200685 -100 0.31 -100 1034 152 1049 1050 1051 1052 44.8 3.9 45.58 3.52 44.09 4.17 1795 142 0 0 0 1 G
20220170200538 -100 0.22 -100 1032 129 1054 1055 1056 1057 50.1 3.7 48.83 3.91 51.45 2.82 1687 127 0 0 0 0 G
20220170200687 -100 0.32 -100 1032 144 1059 1060 1061 1062 45.1 2.9 46.35 3.14 43.91 2.13 1786 122 0 0 0 0 G
20220380200218 -100 0.64 -100 1050 127 1066 1067 1068 1069 46.7 4.1 46.34 4.66 46.98 3.40 1704 117 0 0 10 0 G
20220040200588 -100 0.35 -100 1055 138 1071 1072 1073 1074 46.4 4.9 45.85 5.01 46.89 4.66 1794 139 0 1 5 0 G
20220040200317 -100 0.37 -100 1037 139 1076 1077 1078 1079 46.5 3.7 46.64 3.55 46.44 3.76 1837 119 0 0 0 0 G
20220170200973 -100 0.37 -100 1099 124 1082 1083 1084 1085 49.9 4.5 51.76 4.22 47.97 3.92 1695 111 0 0 7 0 G
20220170200471 -100 0.28 -100 980 151 1088 1089 1090 1091 43.4 3.4 44.47 3.41 42.38 2.98 1823 116 0 0 0 0 G
20220380200096 -100 0.39 -100 1040 130 1104 1105 1106 1107 44.8 3.1 45.65 2.57 43.93 3.28 1955 123 0 0 0 0 G
20220170200728 -100 0.27 -100 1097 145 1099 1100 1101 1102 51.4 3.1 52.47 1.77 50.30 3.71 1741 101 0 0 0 0 G
#20220170200837 -100 -100 -100 1062 122 1109 1110 1111 1112 48.4 4.3 47.00 3.29 49.72 4.72 1785 128 0 1 4 9 G
20220170200837 -100 0.5 -100 1062 122 1109 1110 1111 1112 48.4 4.3 47.00 3.29 49.72 4.72 1785 128 0 1 4 9 G
20220170200686 -100 0.31 -100 1033 145 1114 1115 1116 1117 47.3 2.6 47.59 2.95 46.93 2.14 1756 113 0 0 0 0 G
20220170200546 -100 0.28 -100 1047 155 1119 1120 1121 1122 44.9 3.1 43.79 2.59 46.10 3.17 1753 129 0 0 0 0 G
20220380200231 -100 0.3 -100 1028 137 1124 1125 1126 1127 45.1 3.9 44.26 3.39 45.94 4.19 1809 150 0 0 0 0 G
20220040200596 -100 0.33 -100 1039 142 1129 1130 1131 1132 44.3 2.8 44.76 2.74 43.81 2.73 1860 124 1 1 2 0 G
20220040200131 -100 0.21 -100 947 151 1135 1136 1137 1138 49.8 5.3 47.13 4.46 52.39 4.68 1540 102 0 0 0 0 G
20220040200279 -100 0.32 -100 1032 152 1141 1142 1143 1144 49.4 3.7 50.70 3.95 48.17 2.84 1577 133 0 0 1 2 G
